-0.012255938475379608 -0.009893997918189686 -0.023174951401235672 0.0011244734907453783 -0.00014469966749340054 -8.928310435556713e-05 0.999999353324742
-0.012255938475379608 -0.009893997918189686 -0.023174951401235672 0.0011244734907453783 -0.00014469966749340054 -8.928310435556713e-05 0.999999353324742
-0.012255938475379608 -0.009893997918189686 -0.023174951401235672 0.0011244734907453783 -0.00014469966749340054 -8.928310435556713e-05 0.999999353324742
-0.012255938475379608 -0.009893997918189686 -0.023174951401235672 0.0011244734907453783 -0.00014469966749340054 -8.928310435556713e-05 0.999999353324742
-0.012255938475379608 -0.009893997918189686 -0.023174951401235672 0.0011244734907453783 -0.00014469966749340054 -8.928310435556713e-05 0.999999353324742
-0.012255938475379608 -0.009893997918189686 -0.023174951401235672 0.0011244734907453783 -0.00014469966749340054 -8.928310435556713e-05 0.999999353324742
-0.012255938475379608 -0.009893997918189686 -0.023174951401235672 0.0011244734907453783 -0.00014469966749340054 -8.928310435556713e-05 0.999999353324742
-0.012255938475379608 -0.009893997918189686 -0.023174951401235672 0.0011244734907453783 -0.00014469966749340054 -8.928310435556713e-05 0.999999353324742
-0.005631391908462578 0.0010985753602956116 -0.0019605786270656513 -0.00043155091549408435 -0.0006417077380451568 0.0006494266971594297 0.9999994901098457
-0.005631391908462578 0.0010985753602956116 -0.0019605786270656513 -0.00043155091549408435 -0.0006417077380451568 0.0006494266971594297 0.9999994901098457
-0.005631391908462578 0.0010985753602956116 -0.0019605786270656513 -0.00043155091549408435 -0.0006417077380451568 0.0006494266971594297 0.9999994901098457
-0.005631391908462578 0.0010985753602956116 -0.0019605786270656513 -0.00043155091549408435 -0.0006417077380451568 0.0006494266971594297 0.9999994901098457
-0.005631391908462578 0.0010985753602956116 -0.0019605786270656513 -0.00043155091549408435 -0.0006417077380451568 0.0006494266971594297 0.9999994901098457
-0.005631391908462578 0.0010985753602956116 -0.0019605786270656513 -0.00043155091549408435 -0.0006417077380451568 0.0006494266971594297 0.9999994901098457
-0.005631391908462578 0.0010985753602956116 -0.0019605786270656513 -0.00043155091549408435 -0.0006417077380451568 0.0006494266971594297 0.9999994901098457
-0.005631391908462578 0.0010985753602956116 -0.0019605786270656513 -0.00043155091549408435 -0.0006417077380451568 0.0006494266971594297 0.9999994901098457
-0.005631391908462578 0.0010985753602956116 -0.0019605786270656513 -0.00043155091549408435 -0.0006417077380451568 0.0006494266971594297 0.9999994901098457
-0.005631391908462578 0.0010985753602956116 -0.0019605786270656513 -0.00043155091549408435 -0.0006417077380451568 0.0006494266971594297 0.9999994901098457
-0.005631391908462578 0.0010985753602956116 -0.0019605786270656513 -0.00043155091549408435 -0.0006417077380451568 0.0006494266971594297 0.9999994901098457
-0.005631391908462578 0.0010985753602956116 -0.0019605786270656513 -0.00043155091549408435 -0.0006417077380451568 0.0006494266971594297 0.9999994901098457
-0.005631391908462578 0.0010985753602956116 -0.0019605786270656513 -0.00043155091549408435 -0.0006417077380451568 0.0006494266971594297 0.9999994901098457
-0.005631391908462578 0.0010985753602956116 -0.0019605786270656513 -0.00043155091549408435 -0.0006417077380451568 0.0006494266971594297 0.9999994901098457
-0.005631391908462578 0.0010985753602956116 -0.0019605786270656513 -0.00043155091549408435 -0.0006417077380451568 0.0006494266971594297 0.9999994901098457
-0.005631391908462578 0.0010985753602956116 -0.0019605786270656513 -0.00043155091549408435 -0.0006417077380451568 0.0006494266971594297 0.9999994901098457
-0.005631391908462578 0.0010985753602956116 -0.0019605786270656513 -0.00043155091549408435 -0.0006417077380451568 0.0006494266971594297 0.9999994901098457
-0.005631391908462578 0.0010985753602956116 -0.0019605786270656513 -0.00043155091549408435 -0.0006417077380451568 0.0006494266971594297 0.9999994901098457
-0.005631391908462578 0.0010985753602956116 -0.0019605786270656513 -0.00043155091549408435 -0.0006417077380451568 0.0006494266971594297 0.9999994901098457
-0.005631391908462578 0.0010985753602956116 -0.0019605786270656513 -0.00043155091549408435 -0.0006417077380451568 0.0006494266971594297 0.9999994901098457
-0.005631391908462578 0.0010985753602956116 -0.0019605786270656513 -0.00043155091549408435 -0.0006417077380451568 0.0006494266971594297 0.9999994901098457
-0.01696442130681887 0.0037092319495660563 -0.0037075047149274596 0.00037001676391020905 -0.00045872490034894664 0.0007636165478195458 0.9999995347743058
